# Time-averaged data for fix myat1
# TimeStep v_kinetic_energy v_potential_energy v_pressure
110 0.859916 -0.542471 0.0140862
120 1.22904 -0.480517 0.026962
130 1.38981 -0.452344 0.0300357
140 1.45414 -0.43394 0.0293703
150 1.46654 -0.424123 0.027357
160 1.46129 -0.407719 0.0265147
170 1.47869 -0.401127 0.0256736
180 1.46655 -0.38272 0.0259023
190 1.47296 -0.372572 0.0255329
200 1.48021 -0.371951 0.0241515
210 1.48674 -0.367461 0.0235388
220 1.48331 -0.351207 0.0242288
230 1.50123 -0.351853 0.0232527
240 1.48679 -0.346663 0.0227817
250 1.48849 -0.340614 0.0230418
260 1.50522 -0.336913 0.02333
270 1.48847 -0.329282 0.0234526
280 1.48053 -0.320379 0.0233834
290 1.49343 -0.321914 0.0225853
300 1.48749 -0.316484 0.0226725
310 1.49386 -0.316114 0.022324
320 1.48195 -0.314275 0.0221662
330 1.48825 -0.308122 0.0229278
340 1.48723 -0.307406 0.0226285
350 1.4842 -0.299505 0.0231783
360 1.48616 -0.301399 0.0227506
370 1.48119 -0.293886 0.023219
380 1.50327 -0.290976 0.02362
390 1.47898 -0.292998 0.0224311
400 1.48897 -0.292969 0.0219269
410 1.50083 -0.290283 0.0219234
420 1.50174 -0.278927 0.0229997
430 1.50653 -0.280582 0.0228159
440 1.49626 -0.275866 0.0231849
450 1.50515 -0.270699 0.0237424
460 1.48733 -0.279629 0.0220826
470 1.48771 -0.272261 0.0225471
480 1.47593 -0.271398 0.0222068
490 1.49646 -0.269734 0.0222477
500 1.51646 -0.267758 0.0224727
510 1.50689 -0.261283 0.0230994
520 1.47256 -0.258597 0.0227427
530 1.50687 -0.259976 0.0226121
540 1.4961 -0.254762 0.0228729
550 1.49786 -0.25769 0.0222756
560 1.48378 -0.251182 0.0226705
570 1.49651 -0.253108 0.0224867
580 1.48514 -0.253698 0.022175
590 1.49015 -0.250374 0.0225039
600 1.49385 -0.24836 0.0227244
610 1.50332 -0.250358 0.0224308
620 1.49281 -0.251427 0.0217914
630 1.51809 -0.250144 0.0220418
640 1.52592 -0.245216 0.0223244
650 1.52798 -0.247776 0.0218759
660 1.50062 -0.241666 0.0221435
670 1.52858 -0.242505 0.0224565
680 1.51046 -0.243739 0.0221861
690 1.49009 -0.240654 0.0224073
700 1.51857 -0.239453 0.023079
710 1.49263 -0.241657 0.0222399
720 1.4852 -0.234969 0.0227082
730 1.46913 -0.240999 0.0216506
740 1.50361 -0.239092 0.022151
750 1.52243 -0.242448 0.0220236
760 1.4931 -0.237705 0.0220504
770 1.5082 -0.234378 0.0226897
780 1.49706 -0.241101 0.0218248
790 1.50992 -0.239568 0.0222437
800 1.50341 -0.241697 0.02191
810 1.49149 -0.23886 0.0220431
820 1.49268 -0.240853 0.0218152
830 1.5303 -0.237537 0.0227917
840 1.49988 -0.236573 0.0224993
850 1.51891 -0.239807 0.0225253
860 1.51848 -0.237346 0.0227891
870 1.52599 -0.242618 0.0221267
880 1.49691 -0.24394 0.0212911
890 1.49102 -0.244955 0.0210512
900 1.44928 -0.24176 0.021073
910 1.49237 -0.232319 0.0229166
920 1.51218 -0.237863 0.0223118
930 1.51329 -0.23697 0.0222367
940 1.49229 -0.237651 0.0219393
950 1.51107 -0.239229 0.02243
960 1.51015 -0.240414 0.0225968
970 1.50426 -0.242138 0.0223935
980 1.51113 -0.245944 0.0221385
990 1.49855 -0.240853 0.0226645
1000 1.49819 -0.244178 0.0222471
1010 1.50917 -0.250074 0.0217012
1020 1.47981 -0.246533 0.0216198
1030 1.48545 -0.24185 0.0222538
1040 1.45727 -0.241751 0.021504
1050 1.49097 -0.244228 0.0212448
1060 1.48179 -0.242614 0.0209122
1070 1.47413 -0.240978 0.0206691
1080 1.47249 -0.238444 0.0208575
1090 1.48414 -0.238582 0.0213228
1100 1.4933 -0.2427 0.021135
1110 1.46595 -0.237905 0.021409
1120 1.49902 -0.23729 0.022059
1130 1.49856 -0.236878 0.0219389
1140 1.50757 -0.236376 0.0220239
1150 1.4967 -0.235565 0.021664
1160 1.50663 -0.237197 0.0213538
1170 1.50679 -0.237687 0.0209433
1180 1.48729 -0.235606 0.0206934
1190 1.49048 -0.234667 0.0208137
1200 1.48281 -0.235606 0.0208347
1210 1.48364 -0.228532 0.0219403
1220 1.48117 -0.230128 0.022157
1230 1.49214 -0.231079 0.0223706
1240 1.4944 -0.228164 0.0228447
1250 1.48528 -0.226191 0.0229174
1260 1.5407 -0.230921 0.0231311
1270 1.50785 -0.229058 0.0228991
1280 1.50439 -0.232616 0.0224174
1290 1.49789 -0.23256 0.0221613
1300 1.50954 -0.234301 0.0219866
1310 1.48787 -0.227249 0.0224336
1320 1.49783 -0.231245 0.0221403
1330 1.50072 -0.232947 0.0220088
1340 1.50016 -0.234696 0.0218527
1350 1.51451 -0.235411 0.0219053
1360 1.5181 -0.231323 0.0223811
1370 1.49429 -0.229006 0.0221816
1380 1.50472 -0.230153 0.0220597
1390 1.51609 -0.227471 0.0224744
1400 1.4774 -0.228593 0.0217956
1410 1.51402 -0.230662 0.0222394
1420 1.49023 -0.229809 0.0221344
1430 1.4831 -0.229003 0.0221898
1440 1.5103 -0.224129 0.0227826
1450 1.50287 -0.226164 0.0221523
1460 1.48983 -0.220661 0.022287
1470 1.49809 -0.224065 0.0216671
1480 1.506 -0.22406 0.0217743
1490 1.49534 -0.220873 0.0222422
1500 1.50009 -0.222902 0.022306
1510 1.48249 -0.226299 0.0216878
1520 1.46909 -0.22452 0.0215985
1530 1.46496 -0.220878 0.0217809
1540 1.48185 -0.226332 0.0211746
1550 1.49709 -0.224731 0.0215036
1560 1.49299 -0.220477 0.0218616
1570 1.48776 -0.225867 0.0211803
1580 1.50098 -0.216406 0.0224963
1590 1.49693 -0.212026 0.0229542
1600 1.49999 -0.220767 0.021986
1610 1.49774 -0.21978 0.0221005
1620 1.49948 -0.222883 0.0219034
1630 1.52111 -0.225626 0.0221924
1640 1.4964 -0.224444 0.0222717
1650 1.50627 -0.225943 0.0223946
1660 1.51452 -0.220134 0.0231858
1670 1.51264 -0.225269 0.0225053
1680 1.50303 -0.229304 0.0219591
1690 1.49324 -0.228798 0.0219152
1700 1.47675 -0.230227 0.0214899
1710 1.46863 -0.230201 0.0215342
1720 1.50601 -0.227311 0.0226556
1730 1.52136 -0.22761 0.0226714
1740 1.54207 -0.22916 0.022609
1750 1.52043 -0.227342 0.0223226
1760 1.49469 -0.225999 0.0222386
1770 1.48878 -0.226474 0.0220745
1780 1.50091 -0.227206 0.0218939
1790 1.50075 -0.224716 0.0218454
1800 1.51843 -0.22672 0.0217413
1810 1.50897 -0.222379 0.02201
1820 1.49892 -0.229373 0.021201
1830 1.50833 -0.226341 0.021881
1840 1.50507 -0.219862 0.0226232
1850 1.48553 -0.222219 0.0219112
1860 1.48047 -0.223546 0.0215999
1870 1.47937 -0.229673 0.0208071
1880 1.47659 -0.223894 0.0214383
1890 1.47037 -0.223783 0.0212454
1900 1.49442 -0.223613 0.0214507
1910 1.49234 -0.222588 0.0215842
1920 1.50484 -0.223946 0.0218301
1930 1.47345 -0.218243 0.0221599
1940 1.46969 -0.221882 0.0214516
1950 1.49063 -0.22467 0.0212422
1960 1.50139 -0.216468 0.0224064
1970 1.50231 -0.218024 0.0224595
1980 1.53242 -0.222072 0.022509
1990 1.49001 -0.21634 0.0225522
2000 1.50232 -0.222593 0.0219855
2010 1.49233 -0.223296 0.0217112
2020 1.48091 -0.221185 0.0219463
2030 1.50979 -0.220299 0.0222955
2040 1.501 -0.223481 0.0218944
2050 1.50966 -0.221594 0.0226322
2060 1.49414 -0.220477 0.0228596
2070 1.52732 -0.225092 0.0229478
2080 1.49264 -0.226831 0.0223613
2090 1.50574 -0.224747 0.0228928
2100 1.50258 -0.226723 0.0225587
2110 1.49314 -0.230619 0.0219391
2120 1.50331 -0.229668 0.0223735
2130 1.50366 -0.222596 0.0234545
2140 1.50008 -0.226094 0.0228033
2150 1.51695 -0.222914 0.0232547
2160 1.50241 -0.226575 0.022552
2170 1.52127 -0.227061 0.0227807
2180 1.5205 -0.224664 0.0231565
2190 1.51276 -0.228267 0.0224947
2200 1.50684 -0.223495 0.0228455
2210 1.52772 -0.224681 0.0226562
2220 1.50401 -0.229659 0.0214901
2230 1.51433 -0.226527 0.0222348
2240 1.47677 -0.223885 0.0219896
2250 1.49506 -0.220563 0.0227338
2260 1.52621 -0.223206 0.0229425
2270 1.52017 -0.218682 0.023184
2280 1.51761 -0.220384 0.0224726
2290 1.46003 -0.227296 0.0206228
2300 1.4792 -0.222512 0.0215466
2310 1.5176 -0.221421 0.0224671
2320 1.50445 -0.224909 0.0220509
2330 1.52697 -0.22179 0.0228976
2340 1.49209 -0.219893 0.0224172
2350 1.5132 -0.221324 0.0222401
2360 1.4876 -0.222999 0.0215673
2370 1.51731 -0.219836 0.0223093
2380 1.51418 -0.221096 0.021969
2390 1.52865 -0.220547 0.0222384
2400 1.51356 -0.213977 0.0227631
2410 1.48682 -0.216996 0.0218566
2420 1.48334 -0.216643 0.0218137
2430 1.47463 -0.218839 0.0214838
2440 1.49804 -0.219623 0.0216086
2450 1.51725 -0.220213 0.0218437
2460 1.5006 -0.219577 0.0217505
2470 1.47947 -0.220325 0.0212787
2480 1.48174 -0.216426 0.021945
2490 1.47996 -0.217345 0.0221272
2500 1.49491 -0.217049 0.022443
2510 1.48851 -0.221185 0.022059
2520 1.50417 -0.217698 0.0228378
2530 1.48816 -0.213587 0.0229585
2540 1.50681 -0.22044 0.0221387
2550 1.52278 -0.217806 0.0225453
2560 1.53211 -0.21418 0.0233493
2570 1.5287 -0.214967 0.0234906
2580 1.52825 -0.216702 0.0232474
2590 1.50622 -0.219964 0.0223269
2600 1.51514 -0.215466 0.0228513
2610 1.5244 -0.222767 0.0221439
2620 1.49182 -0.214565 0.022658
2630 1.47133 -0.220912 0.0214074
2640 1.50861 -0.222776 0.0215627
2650 1.49755 -0.221343 0.0215012
2660 1.49118 -0.220693 0.0214503
2670 1.5088 -0.218473 0.0221618
2680 1.50558 -0.209576 0.0232522
2690 1.51953 -0.217614 0.0226118
2700 1.51689 -0.216002 0.0226009
2710 1.51623 -0.219905 0.0222353
2720 1.50738 -0.220353 0.0220817
2730 1.51878 -0.22294 0.0219546
2740 1.49944 -0.219739 0.0221616
2750 1.52745 -0.218471 0.0230238
2760 1.50314 -0.216872 0.0230754
2770 1.48653 -0.218628 0.0226417
2780 1.49355 -0.220933 0.0223165
2790 1.49857 -0.218663 0.0223875
2800 1.49114 -0.218762 0.0220102
2810 1.51423 -0.219609 0.0223267
2820 1.50902 -0.215941 0.0228092
2830 1.51559 -0.216244 0.0229096
2840 1.49415 -0.218038 0.0224882
2850 1.49354 -0.21695 0.0227275
2860 1.47342 -0.222487 0.0217716
2870 1.48796 -0.214527 0.0229646
2880 1.52446 -0.226127 0.0222373
2890 1.50179 -0.223399 0.0222718
2900 1.50561 -0.215923 0.0230851
2910 1.48731 -0.222294 0.0219327
2920 1.48446 -0.218753 0.0223566
2930 1.46693 -0.221347 0.0218473
2940 1.4836 -0.219191 0.0223635
2950 1.46354 -0.213608 0.0226618
2960 1.49085 -0.222057 0.0220666
2970 1.52235 -0.224185 0.0222987
2980 1.48486 -0.22424 0.0217115
2990 1.48771 -0.223466 0.0219512
3000 1.4728 -0.219536 0.022419
3010 1.49242 -0.218125 0.0228936
3020 1.50256 -0.222997 0.0223711
3030 1.51879 -0.223417 0.0224699
3040 1.50396 -0.219225 0.0225334
3050 1.49942 -0.217777 0.0225541
3060 1.50039 -0.222261 0.0221215
3070 1.47508 -0.217288 0.022431
3080 1.4734 -0.222715 0.0217651
3090 1.48591 -0.224073 0.0217043
3100 1.48196 -0.22232 0.0217383
3110 1.5253 -0.222429 0.0223035
3120 1.48491 -0.220836 0.0217705
3130 1.47805 -0.221743 0.0215092
3140 1.47383 -0.220206 0.0216667
3150 1.49636 -0.22098 0.0219356
3160 1.5246 -0.220465 0.0223807
3170 1.4756 -0.223971 0.0211064
3180 1.51029 -0.221848 0.0219102
3190 1.52433 -0.218718 0.0227213
3200 1.50692 -0.219416 0.0223918
3210 1.49678 -0.221296 0.0220384
3220 1.50255 -0.22608 0.0214903
3230 1.50661 -0.223327 0.0217217
3240 1.50604 -0.221792 0.0218188
3250 1.5152 -0.224093 0.0217155
3260 1.4728 -0.222578 0.0214266
3270 1.4917 -0.223464 0.0216982
3280 1.47093 -0.220802 0.0216499
3290 1.52186 -0.22296 0.0220692
3300 1.49443 -0.221417 0.0217734
3310 1.4765 -0.219015 0.0219033
3320 1.48551 -0.219618 0.0219523
3330 1.48886 -0.220016 0.0218414
3340 1.49059 -0.222253 0.0216348
3350 1.50611 -0.218279 0.0223501
3360 1.49508 -0.219719 0.0221168
3370 1.49021 -0.219397 0.0222687
3380 1.51575 -0.215709 0.0229993
3390 1.51057 -0.218892 0.0225736
3400 1.49036 -0.222884 0.0218547
3410 1.50083 -0.216483 0.0225488
3420 1.49109 -0.220148 0.0219688
3430 1.51102 -0.221846 0.0223621
3440 1.50808 -0.224909 0.0223252
3450 1.5114 -0.224444 0.0227071
3460 1.46935 -0.224015 0.0223428
3470 1.51321 -0.224066 0.0228836
3480 1.51792 -0.222956 0.0228289
3490 1.46688 -0.216163 0.0224778
3500 1.52546 -0.223152 0.0222824
3510 1.52546 -0.220192 0.0226173
3520 1.4846 -0.217653 0.0222769
3530 1.48903 -0.21981 0.0218209
3540 1.49438 -0.21903 0.0217633
3550 1.48296 -0.224224 0.0209037
3560 1.47528 -0.218543 0.0214386
3570 1.48878 -0.218813 0.021653
3580 1.48209 -0.21927 0.0214339
3590 1.52697 -0.223271 0.0214264
3600 1.53968 -0.224603 0.0214589
3610 1.49662 -0.220823 0.0216025
3620 1.49749 -0.223656 0.0216468
3630 1.48136 -0.218591 0.0220523
3640 1.49263 -0.223932 0.0215833
3650 1.52032 -0.224804 0.0220349
3660 1.49589 -0.224353 0.0216473
3670 1.5217 -0.227199 0.0216125
3680 1.50193 -0.222467 0.0218322
3690 1.51051 -0.226913 0.0215515
3700 1.48356 -0.216277 0.0224303
3710 1.51214 -0.226098 0.0216712
3720 1.4731 -0.226739 0.0211268
3730 1.48014 -0.222932 0.021867
3740 1.46662 -0.224944 0.0214942
3750 1.48412 -0.228062 0.0214392
3760 1.48478 -0.228411 0.0215056
3770 1.49033 -0.231898 0.0210763
3780 1.49406 -0.227179 0.0216688
3790 1.48391 -0.227793 0.0213292
3800 1.49117 -0.224512 0.0217208
3810 1.49101 -0.226066 0.0215226
3820 1.49155 -0.226334 0.0216198
3830 1.48916 -0.216649 0.0227142
3840 1.50058 -0.221357 0.0222664
3850 1.51005 -0.223341 0.0221336
3860 1.52654 -0.225069 0.0222794
3870 1.5344 -0.218844 0.0233845
3880 1.50376 -0.226591 0.0222285
3890 1.52374 -0.229171 0.0224119
3900 1.49148 -0.226551 0.0222326
3910 1.49366 -0.229694 0.0219136
3920 1.49291 -0.232345 0.0215724
3930 1.49043 -0.231277 0.0216791
3940 1.48064 -0.223706 0.0226677
3950 1.48075 -0.228196 0.0220784
3960 1.50605 -0.233851 0.0215771
3970 1.51027 -0.231964 0.0218443
3980 1.47058 -0.229972 0.0215444
3990 1.48495 -0.223045 0.0225007
4000 1.5159 -0.225293 0.0227797
4010 1.50877 -0.225312 0.0228997
4020 1.4808 -0.223789 0.0226582
4030 1.5063 -0.230755 0.0221695
4040 1.49838 -0.226512 0.0223093
4050 1.4891 -0.23246 0.0212744
4060 1.48735 -0.224048 0.0219286
4070 1.52489 -0.230636 0.0216641
4080 1.48494 -0.229512 0.0212196
4090 1.51955 -0.228789 0.0217103
4100 1.47219 -0.228715 0.0210203
4110 1.48962 -0.22253 0.0218498
4120 1.50749 -0.22606 0.0216924
4130 1.54262 -0.219839 0.0229551
4140 1.51801 -0.223984 0.0220869
4150 1.50304 -0.225388 0.0216449
4160 1.51104 -0.223082 0.0220527
4170 1.51713 -0.221392 0.0223179
4180 1.48326 -0.217188 0.0223148
4190 1.46806 -0.224208 0.0212136
4200 1.47514 -0.223369 0.021293
4210 1.50976 -0.22079 0.0221731
4220 1.51196 -0.219252 0.0226506
4230 1.50398 -0.222146 0.0224188
4240 1.49077 -0.223701 0.0220638
4250 1.49584 -0.225404 0.0220629
4260 1.4884 -0.224559 0.0220597
4270 1.49193 -0.220979 0.0226439
4280 1.50779 -0.22555 0.022178
4290 1.49146 -0.227139 0.0215041
4300 1.50688 -0.222189 0.0222054
4310 1.50936 -0.222134 0.022095
4320 1.48993 -0.219162 0.0221704
4330 1.49888 -0.221051 0.0222227
4340 1.49048 -0.217541 0.0224324
4350 1.50761 -0.221092 0.0221356
4360 1.50343 -0.209599 0.0234526
4370 1.51333 -0.215248 0.0228853
4380 1.52219 -0.216218 0.022798
4390 1.49637 -0.216809 0.0221471
4400 1.45871 -0.212096 0.0219081
4410 1.48777 -0.205617 0.0228092
4420 1.49492 -0.210429 0.0222225
4430 1.47842 -0.209708 0.0221471
4440 1.46806 -0.215244 0.0214901
4450 1.47443 -0.217024 0.0214383
4460 1.50524 -0.216934 0.0219784
4470 1.51888 -0.221237 0.0218624
4480 1.53128 -0.217203 0.0226422
4490 1.51312 -0.217869 0.0221055
4500 1.51565 -0.217138 0.0220609
4510 1.49824 -0.21882 0.0215434
4520 1.49454 -0.218333 0.0215529
4530 1.49583 -0.215048 0.0220659
4540 1.4758 -0.212531 0.0220802
4550 1.46187 -0.213884 0.0218152
4560 1.47932 -0.215928 0.021854
4570 1.50423 -0.219386 0.0218905
4580 1.49609 -0.216848 0.0218931
4590 1.50053 -0.218469 0.0217886
4600 1.51873 -0.215702 0.0225167
4610 1.50197 -0.216671 0.0221006
4620 1.50347 -0.218757 0.0218105
4630 1.50265 -0.218496 0.0217714
4640 1.48303 -0.218889 0.0215761
4650 1.50939 -0.217655 0.0221502
4660 1.49075 -0.218329 0.021776
4670 1.49371 -0.217115 0.0219982
4680 1.49792 -0.221514 0.0216043
4690 1.49748 -0.21845 0.0219959
4700 1.48693 -0.212596 0.0227609
4710 1.50357 -0.215867 0.0227744
4720 1.50258 -0.217937 0.0223947
4730 1.50122 -0.21181 0.0229324
4740 1.48031 -0.216772 0.0219294
4750 1.48767 -0.216515 0.0219569
4760 1.49107 -0.210143 0.0223919
4770 1.51221 -0.214101 0.0218847
4780 1.5215 -0.209052 0.0223867
4790 1.51805 -0.213638 0.0219221
4800 1.51081 -0.215625 0.0218726
4810 1.51109 -0.218374 0.0216682
4820 1.51003 -0.214764 0.0220019
4830 1.5094 -0.21782 0.0217478
4840 1.47373 -0.220378 0.0211617
4850 1.48177 -0.220155 0.0214234
4860 1.50348 -0.226786 0.0209862
4870 1.50188 -0.222452 0.0217344
4880 1.51113 -0.223107 0.0219811
4890 1.51661 -0.221684 0.0222504
4900 1.49459 -0.214425 0.0227563
4910 1.48673 -0.21379 0.0225068
4920 1.47765 -0.219264 0.0215767
4930 1.49865 -0.21412 0.0225619
4940 1.47875 -0.218863 0.0218557
4950 1.48281 -0.218293 0.0218969
4960 1.4894 -0.21767 0.0219692
4970 1.4843 -0.220441 0.0215484
4980 1.51942 -0.216788 0.0224774
4990 1.51931 -0.218056 0.0224049
5000 1.52088 -0.2214 0.0220747
5010 1.51596 -0.223594 0.0217741
5020 1.51828 -0.217736 0.0227457
5030 1.50775 -0.217908 0.0227379
5040 1.50164 -0.211359 0.0233673
5050 1.50712 -0.209837 0.0236862
5060 1.49113 -0.218032 0.022452
5070 1.4954 -0.218365 0.0222741
5080 1.48113 -0.220853 0.0214101
5090 1.49005 -0.22194 0.0211584
5100 1.49095 -0.221024 0.0213977
5110 1.52554 -0.218765 0.0222056
5120 1.48657 -0.213564 0.0221513
5130 1.52914 -0.212111 0.0228289
5140 1.52965 -0.212796 0.0230548
5150 1.52024 -0.218758 0.0225597
5160 1.49712 -0.217284 0.022388
5170 1.46007 -0.219758 0.0217033
5180 1.49367 -0.217732 0.0226332
5190 1.50396 -0.21954 0.0224362
5200 1.50192 -0.218976 0.0223216
5210 1.48739 -0.21647 0.022371
5220 1.50429 -0.216663 0.02264
5230 1.50758 -0.22169 0.0221298
5240 1.47979 -0.218513 0.0220541
5250 1.49696 -0.214594 0.0228028
5260 1.52249 -0.217621 0.0226449
5270 1.52135 -0.210624 0.0232461
5280 1.49441 -0.218339 0.021641
5290 1.48478 -0.221497 0.0209307
5300 1.51116 -0.215014 0.0222297
5310 1.50656 -0.21316 0.0225369
5320 1.50503 -0.20633 0.0233917
5330 1.52383 -0.211302 0.0231957
5340 1.50562 -0.218595 0.022094
5350 1.50761 -0.217548 0.0222271
5360 1.51106 -0.213226 0.0226641
5370 1.50568 -0.217999 0.0217615
5380 1.5064 -0.214182 0.0222448
5390 1.5063 -0.210528 0.0228878
5400 1.51033 -0.211583 0.0229221
5410 1.52156 -0.212292 0.0231384
5420 1.53127 -0.2103 0.0235796
5430 1.51407 -0.21639 0.0224343
5440 1.48374 -0.218372 0.0215621
5450 1.49966 -0.216927 0.0220059
5460 1.5099 -0.220868 0.0217955
5470 1.48795 -0.220705 0.0216426
5480 1.50762 -0.222818 0.0216971
5490 1.51044 -0.220576 0.0218655
5500 1.48501 -0.224776 0.0209468
5510 1.48591 -0.21836 0.0219302
5520 1.50996 -0.222767 0.0219532
5530 1.50452 -0.22573 0.0217581
5540 1.49536 -0.224535 0.0217388
5550 1.49809 -0.220197 0.0222952
5560 1.50758 -0.223452 0.0219822
5570 1.4799 -0.218264 0.022003
5580 1.47605 -0.224413 0.0213233
5590 1.52301 -0.224934 0.0220711
5600 1.5253 -0.220409 0.0228162
5610 1.52787 -0.221588 0.022894
5620 1.49354 -0.22429 0.0220774
5630 1.49302 -0.223199 0.0221893
5640 1.52432 -0.228852 0.0219086
5650 1.49722 -0.225935 0.0218847
5660 1.49472 -0.218379 0.0226921
5670 1.52111 -0.223577 0.0224297
5680 1.49824 -0.220923 0.0222073
5690 1.48914 -0.2192 0.0221312
5700 1.5251 -0.216751 0.0228668
5710 1.51876 -0.22039 0.0223424
5720 1.48305 -0.219983 0.0216341
5730 1.50031 -0.217942 0.0219083
5740 1.48462 -0.220929 0.0211515
5750 1.48284 -0.222031 0.020925
5760 1.4884 -0.214376 0.0218747
5770 1.50568 -0.215874 0.0219545
5780 1.50338 -0.22063 0.0215384
5790 1.50226 -0.217073 0.0221953
5800 1.51118 -0.225282 0.0213683
5810 1.47948 -0.217922 0.0218579
5820 1.48626 -0.221584 0.0217421
5830 1.492 -0.222878 0.0215157
5840 1.48253 -0.222747 0.0213161
5850 1.49335 -0.218995 0.0220042
5860 1.47944 -0.220701 0.0217591
5870 1.48729 -0.222658 0.021756
5880 1.49303 -0.21635 0.0227375
5890 1.48287 -0.222909 0.0218219
5900 1.51114 -0.223495 0.0219881
5910 1.51334 -0.222063 0.0219207
5920 1.47918 -0.21847 0.0217373
5930 1.50385 -0.224784 0.0214107
5940 1.49958 -0.223845 0.0214419
5950 1.49876 -0.220911 0.0217812
5960 1.50365 -0.223446 0.0215597
5970 1.50289 -0.218143 0.0223024
5980 1.50738 -0.221336 0.0218635
5990 1.49087 -0.211499 0.02261
6000 1.50085 -0.213594 0.0225663
6010 1.4721 -0.21874 0.0214422
6020 1.48864 -0.215719 0.0218284
6030 1.48221 -0.216047 0.0216753
6040 1.50209 -0.206166 0.0230785
6050 1.48283 -0.217452 0.0212611
6060 1.47233 -0.216937 0.0210453
6070 1.48122 -0.213196 0.0216057
6080 1.50578 -0.214859 0.0217406
6090 1.51494 -0.21552 0.0219404
6100 1.48589 -0.214622 0.021836
6110 1.48179 -0.212871 0.0219404
6120 1.48639 -0.218062 0.0213377
6130 1.50263 -0.219502 0.0215478
6140 1.49056 -0.217909 0.0215485
6150 1.4845 -0.222954 0.0206297
6160 1.50297 -0.216457 0.021715
6170 1.51835 -0.217076 0.0219955
6180 1.53961 -0.220953 0.0221525
6190 1.51356 -0.216523 0.0225144
6200 1.48342 -0.206546 0.0232022
6210 1.47871 -0.218083 0.0216917
6220 1.47999 -0.215736 0.0218582
6230 1.5128 -0.218626 0.0219544
6240 1.49663 -0.216914 0.0220088
6250 1.48062 -0.212146 0.0222175
6260 1.49403 -0.214615 0.0220129
6270 1.5164 -0.212123 0.0226753
6280 1.51977 -0.211416 0.0228236
6290 1.5217 -0.214439 0.0225166
6300 1.5204 -0.22133 0.0219445
6310 1.49385 -0.215153 0.0222641
6320 1.48016 -0.213751 0.0220391
6330 1.50724 -0.211025 0.022618
6340 1.5031 -0.206911 0.0228489
6350 1.50433 -0.208816 0.0226292
6360 1.47716 -0.20778 0.0221407
6370 1.51187 -0.215472 0.0215718
6380 1.53617 -0.212869 0.0223825
6390 1.49183 -0.209962 0.0222407
6400 1.49541 -0.20824 0.0224708
6410 1.50927 -0.211147 0.022278
6420 1.5281 -0.209729 0.022677
6430 1.49588 -0.211233 0.0219118
6440 1.48986 -0.211893 0.0216575
6450 1.50381 -0.215119 0.0215357
6460 1.49398 -0.212999 0.0216399
6470 1.50769 -0.215293 0.0218432
6480 1.49977 -0.216935 0.0216451
6490 1.5053 -0.218996 0.0213773
6500 1.46982 -0.218155 0.0209011
6510 1.50361 -0.219225 0.0212248
6520 1.50614 -0.213891 0.0219517
6530 1.51648 -0.211188 0.0226358
6540 1.48952 -0.212964 0.0222597
6550 1.49145 -0.214529 0.0221233
6560 1.48902 -0.215641 0.0218302
6570 1.48204 -0.217441 0.0215266
6580 1.49032 -0.22369 0.0209144
6590 1.51254 -0.220711 0.0218927
6600 1.48844 -0.219948 0.0217371
6610 1.4947 -0.215619 0.0224158
6620 1.49536 -0.217184 0.0223816
6630 1.49351 -0.221812 0.0219196
6640 1.50327 -0.215935 0.0226346
6650 1.49027 -0.2209 0.0219146
6660 1.4922 -0.225653 0.0217534
6670 1.49344 -0.229957 0.0214178
6680 1.52953 -0.230752 0.0220802
6690 1.49106 -0.224886 0.022408
6700 1.49499 -0.225714 0.0222775
6710 1.49836 -0.221968 0.0225643
6720 1.50352 -0.229097 0.0216882
6730 1.4937 -0.217098 0.0228804
6740 1.52397 -0.218905 0.0231269
6750 1.48843 -0.224773 0.0217596
6760 1.51481 -0.222047 0.0222481
6770 1.50513 -0.221566 0.0221012
6780 1.47054 -0.226518 0.0210016
6790 1.50008 -0.222775 0.0218662
6800 1.50497 -0.219811 0.0221797
6810 1.5014 -0.218183 0.0221785
6820 1.51755 -0.211616 0.0230416
6830 1.49789 -0.216807 0.0221192
6840 1.48121 -0.212648 0.0223457
6850 1.48382 -0.214506 0.0221286
6860 1.51346 -0.217393 0.0221064
6870 1.46582 -0.219128 0.0210667
6880 1.50978 -0.216746 0.0219705
6890 1.50363 -0.215294 0.0219526
6900 1.47328 -0.217155 0.0211259
6910 1.48089 -0.215456 0.0213771
6920 1.49385 -0.214913 0.0215696
6930 1.50979 -0.209412 0.0223673
6940 1.51217 -0.216693 0.0216063
6950 1.53446 -0.209106 0.022939
6960 1.50351 -0.214809 0.0217898
6970 1.50657 -0.215544 0.0217177
6980 1.5128 -0.213439 0.021952
6990 1.52788 -0.210009 0.0226932
7000 1.52092 -0.214212 0.0220981
7010 1.49686 -0.214106 0.0217144
7020 1.4812 -0.213255 0.021472
7030 1.4857 -0.213472 0.0214556
7040 1.4986 -0.213729 0.0216265
7050 1.45646 -0.213854 0.0210771
7060 1.48703 -0.213962 0.0214704
7070 1.48916 -0.212425 0.0215559
7080 1.49278 -0.210578 0.0217685
7090 1.49541 -0.208682 0.0218249
7100 1.49509 -0.213721 0.0212221
7110 1.47846 -0.211493 0.0213934
7120 1.48503 -0.212867 0.02151
7130 1.50682 -0.215928 0.0214733
7140 1.51612 -0.215334 0.0217154
7150 1.49061 -0.213443 0.0215185
7160 1.50839 -0.209568 0.0222856
7170 1.48784 -0.215188 0.0212764
7180 1.4614 -0.214188 0.0210796
7190 1.47103 -0.210132 0.0217074
7200 1.49777 -0.21285 0.0219152
7210 1.47968 -0.206494 0.0223106
7220 1.47442 -0.211297 0.0216094
7230 1.47533 -0.21325 0.0213188
7240 1.47142 -0.211685 0.0214792
7250 1.5009 -0.21441 0.0215177
7260 1.50016 -0.214053 0.0215039
7270 1.51487 -0.214217 0.0218158
7280 1.50946 -0.211561 0.0220791
7290 1.50814 -0.209543 0.0222325
7300 1.48125 -0.208518 0.0219847
7310 1.47952 -0.212047 0.0215942
7320 1.49214 -0.214363 0.0215092
7330 1.51335 -0.213967 0.0218871
7340 1.50211 -0.213926 0.0217935
7350 1.52108 -0.217413 0.0217637
7360 1.49724 -0.206617 0.0227844
7370 1.47754 -0.213195 0.0216644
7380 1.48591 -0.211749 0.0220193
7390 1.48438 -0.211049 0.022057
7400 1.4991 -0.211735 0.0219739
7410 1.5234 -0.21 0.0223209
7420 1.49891 -0.210544 0.0218197
7430 1.51577 -0.207438 0.0226705
7440 1.52392 -0.213312 0.0221842
7450 1.53751 -0.213657 0.0223092
7460 1.5124 -0.212203 0.0223562
7470 1.48054 -0.208118 0.0224652
7480 1.49589 -0.204524 0.0230283
7490 1.50866 -0.209621 0.0225322
7500 1.50455 -0.211979 0.0220477
7510 1.53781 -0.212138 0.0224107
7520 1.52281 -0.209278 0.0225107
7530 1.48282 -0.209936 0.0219128
7540 1.46798 -0.211712 0.0216161
7550 1.51153 -0.21122 0.022391
7560 1.51107 -0.214516 0.0219526
7570 1.47318 -0.206431 0.0223048
7580 1.4917 -0.210278 0.0220943
7590 1.48812 -0.21293 0.0218311
7600 1.51586 -0.211715 0.0225558
7610 1.5341 -0.213615 0.0226281
7620 1.55159 -0.207761 0.0233643
7630 1.51805 -0.210794 0.0222686
7640 1.50398 -0.21323 0.0217527
7650 1.50926 -0.211868 0.0221144
7660 1.48558 -0.210156 0.0222297
7670 1.5071 -0.214071 0.0222634
7680 1.48847 -0.21593 0.0219608
7690 1.50087 -0.214878 0.0225139
7700 1.52217 -0.218023 0.0224388
7710 1.52456 -0.21649 0.022499
7720 1.50716 -0.218509 0.0220174
7730 1.46247 -0.218897 0.0213071
7740 1.45962 -0.216379 0.0212909
7750 1.48234 -0.213244 0.02197
7760 1.49719 -0.218525 0.021627
7770 1.51098 -0.213353 0.0224758
7780 1.50321 -0.213231 0.0221136
7790 1.50878 -0.214719 0.0217492
7800 1.49626 -0.210587 0.0220317
7810 1.49776 -0.209449 0.0222921
7820 1.5 -0.206813 0.0227292
7830 1.5201 -0.213881 0.0221648
7840 1.51478 -0.209569 0.0224536
7850 1.50341 -0.211337 0.0219572
7860 1.49099 -0.214524 0.0213678
7870 1.48919 -0.212833 0.0216192
7880 1.47413 -0.21 0.0218304
7890 1.48835 -0.205481 0.0228345
7900 1.48174 -0.212677 0.0220467
7910 1.49483 -0.210927 0.0225503
7920 1.48349 -0.206418 0.0227919
7930 1.48604 -0.208849 0.0224663
7940 1.53143 -0.207644 0.0232042
7950 1.48662 -0.202865 0.0228999
7960 1.51114 -0.205903 0.0227389
7970 1.49859 -0.207204 0.0223067
7980 1.48928 -0.206609 0.0224016
7990 1.49478 -0.200777 0.0233773
8000 1.523 -0.205871 0.0230116
8010 1.50219 -0.210452 0.0220403
8020 1.51155 -0.208252 0.0225509
8030 1.48714 -0.206721 0.0223617
8040 1.5138 -0.208638 0.0224532
8050 1.53378 -0.205685 0.0230524
8060 1.49263 -0.202094 0.0228917
8070 1.50286 -0.205338 0.0224726
8080 1.48448 -0.201599 0.0226721
8090 1.50125 -0.201927 0.0228541
8100 1.486 -0.209209 0.0217996
8110 1.47738 -0.210895 0.0215686
8120 1.4732 -0.212961 0.0211777
8130 1.49965 -0.212609 0.0214627
8140 1.53408 -0.210623 0.0221219
8150 1.5272 -0.206672 0.0223499
8160 1.488 -0.209838 0.0212341
8170 1.52257 -0.209287 0.0216476
8180 1.51556 -0.207898 0.0217308
8190 1.52769 -0.208601 0.0218734
8200 1.51845 -0.210645 0.0216046
8210 1.49165 -0.210432 0.0212983
8220 1.5169 -0.212228 0.0217632
8230 1.51615 -0.209723 0.0224021
8240 1.53007 -0.206863 0.0229703
8250 1.53224 -0.210157 0.0226979
8260 1.5016 -0.208865 0.0225156
8270 1.51696 -0.211228 0.0224524
8280 1.4965 -0.209971 0.0224309
8290 1.49553 -0.211892 0.0223489
8300 1.50968 -0.212326 0.0226374
8310 1.49898 -0.215634 0.0219309
8320 1.48581 -0.213651 0.0218981
8330 1.49933 -0.215905 0.0217934
8340 1.51167 -0.213373 0.0221156
8350 1.50188 -0.218406 0.021468
8360 1.50359 -0.218833 0.0216933
8370 1.48588 -0.217004 0.0220635
8380 1.5016 -0.217623 0.0223199
8390 1.5124 -0.220536 0.0222368
8400 1.51188 -0.223324 0.0217682
8410 1.49233 -0.218905 0.0219743
8420 1.48162 -0.216765 0.0221689
8430 1.50328 -0.216839 0.0223238
8440 1.49962 -0.221122 0.0216743
8450 1.49906 -0.220297 0.0216995
8460 1.50313 -0.217228 0.0222049
8470 1.49104 -0.217451 0.0219764
8480 1.47981 -0.217054 0.0217117
8490 1.46609 -0.213431 0.0216929
8500 1.4905 -0.220378 0.0210547
8510 1.48 -0.216288 0.0213147
8520 1.46662 -0.215117 0.0211852
8530 1.52378 -0.219368 0.0216819
8540 1.52737 -0.21198 0.0226457
8550 1.49233 -0.214463 0.0217322
8560 1.51358 -0.214698 0.0219391
8570 1.47758 -0.214342 0.0214244
8580 1.45007 -0.214518 0.0208929
8590 1.4705 -0.212042 0.021229
8600 1.48297 -0.21542 0.0210595
8610 1.51929 -0.218651 0.0213458
8620 1.52588 -0.216357 0.0220867
8630 1.52297 -0.214294 0.0226684
8640 1.50074 -0.211815 0.0227568
8650 1.49239 -0.218302 0.0218395
8660 1.48977 -0.22209 0.0214025
8670 1.48814 -0.219656 0.0217013
8680 1.48837 -0.215632 0.0221339
8690 1.50165 -0.219684 0.0218213
8700 1.48701 -0.220301 0.0215351
8710 1.50201 -0.219071 0.0219899
8720 1.49818 -0.21864 0.0221081
8730 1.50029 -0.216243 0.0224267
8740 1.49951 -0.217965 0.0222716
8750 1.51153 -0.215848 0.0227124
8760 1.51642 -0.215036 0.022589
8770 1.50955 -0.219438 0.021614
8780 1.50497 -0.215594 0.0217627
8790 1.50365 -0.212836 0.0220546
8800 1.50795 -0.214442 0.0220104
8810 1.48197 -0.215911 0.0213268
8820 1.49123 -0.214846 0.0214814
8830 1.49287 -0.21483 0.0217577
8840 1.52104 -0.213282 0.0224504
8850 1.49132 -0.211692 0.0220699
8860 1.50431 -0.205759 0.0229134
8870 1.49831 -0.204538 0.0228449
8880 1.50275 -0.208392 0.0221823
8890 1.4835 -0.212582 0.0212262
8900 1.50022 -0.213088 0.0213665
8910 1.49991 -0.212597 0.0215946
8920 1.49041 -0.209293 0.0219888
8930 1.48045 -0.204197 0.0225459
8940 1.4768 -0.204011 0.022646
8950 1.49213 -0.206423 0.0225532
8960 1.49168 -0.207842 0.0223749
8970 1.52069 -0.207714 0.0226495
8980 1.50406 -0.208845 0.0221745
8990 1.50734 -0.213036 0.0216049
9000 1.48555 -0.213746 0.0210333
9010 1.50401 -0.211963 0.0216005
9020 1.50863 -0.209287 0.0220934
9030 1.51518 -0.208672 0.0222611
9040 1.48339 -0.211114 0.0216185
9050 1.48018 -0.208814 0.0220284
9060 1.47275 -0.207747 0.0222322
9070 1.50995 -0.210407 0.0224943
9080 1.49957 -0.206447 0.0227734
9090 1.46307 -0.20783 0.0220196
9100 1.49183 -0.213033 0.0217389
9110 1.49116 -0.212988 0.0216584
9120 1.50476 -0.208294 0.0222305
9130 1.51047 -0.20972 0.0218227
9140 1.47804 -0.209961 0.0210503
9150 1.4749 -0.207885 0.0210845
9160 1.48654 -0.204586 0.0217177
9170 1.47129 -0.207909 0.0212263
9180 1.49414 -0.204161 0.0220091
9190 1.48965 -0.202951 0.021969
9200 1.51079 -0.200244 0.0225379
9210 1.50084 -0.207021 0.0217351
9220 1.52854 -0.211832 0.0217538
9230 1.5239 -0.207563 0.0222508
9240 1.48786 -0.209626 0.0214158
9250 1.49022 -0.210228 0.0213918
9260 1.50624 -0.209219 0.0217015
9270 1.51002 -0.206142 0.0220709
9280 1.49716 -0.20444 0.0219866
9290 1.47373 -0.206897 0.0213394
9300 1.46128 -0.204817 0.0214069
9310 1.5002 -0.210377 0.0214059
9320 1.48884 -0.208676 0.0217251
9330 1.51058 -0.206607 0.0224244
9340 1.5019 -0.206632 0.0224492
9350 1.51274 -0.212017 0.022041
9360 1.5058 -0.207204 0.0225441
9370 1.47985 -0.211149 0.0217245
9380 1.45663 -0.211117 0.0214521
9390 1.49529 -0.215649 0.021571
9400 1.515 -0.213677 0.0221437
9410 1.46648 -0.215138 0.0211675
9420 1.50924 -0.21765 0.0213931
9430 1.4784 -0.217315 0.0210087
9440 1.49256 -0.217927 0.0214938
9450 1.51801 -0.21641 0.0224135
9460 1.48244 -0.217018 0.0217783
9470 1.4908 -0.216093 0.0219706
9480 1.49746 -0.211344 0.0225326
9490 1.49188 -0.215613 0.0218031
9500 1.51077 -0.21473 0.0220131
9510 1.50318 -0.214884 0.0217792
9520 1.51824 -0.214258 0.0223227
9530 1.50107 -0.213781 0.0222106
9540 1.50365 -0.221464 0.0214444
9550 1.50258 -0.220208 0.0218243
9560 1.48061 -0.216476 0.0219311
9570 1.4971 -0.21918 0.0217564
9580 1.51196 -0.215531 0.0223553
9590 1.49226 -0.217944 0.0217027
9600 1.50519 -0.218051 0.0219133
9610 1.48252 -0.217618 0.0217063
9620 1.50024 -0.218968 0.0217015
9630 1.50026 -0.217976 0.0218137
9640 1.49846 -0.220979 0.0213856
9650 1.49194 -0.211435 0.0223903
9660 1.51376 -0.215939 0.0222195
9670 1.49926 -0.216579 0.0220083
9680 1.49457 -0.219704 0.0215055
9690 1.48364 -0.215762 0.0217441
9700 1.47442 -0.214959 0.0216083
9710 1.49804 -0.214519 0.0221207
9720 1.50789 -0.200643 0.0239563
9730 1.53368 -0.213344 0.0228556
9740 1.52541 -0.209497 0.0231921
9750 1.51232 -0.215528 0.0222823
9760 1.49882 -0.219388 0.021547
9770 1.50048 -0.211024 0.0225856
9780 1.47386 -0.211385 0.0221981
9790 1.49138 -0.218692 0.0215858
9800 1.49459 -0.219385 0.0215214
9810 1.5143 -0.217309 0.0221302
9820 1.51479 -0.214537 0.0223865
9830 1.50819 -0.212373 0.0226141
9840 1.45985 -0.21302 0.0217447
9850 1.46178 -0.217094 0.0212231
9860 1.48917 -0.221564 0.0212657
9870 1.48719 -0.213174 0.0222629
9880 1.48763 -0.213189 0.0221787
9890 1.47741 -0.214753 0.0216066
9900 1.46978 -0.210656 0.0216398
9910 1.45975 -0.213647 0.0210233
9920 1.48439 -0.215468 0.0210335
9930 1.4756 -0.216029 0.020685
9940 1.49019 -0.216564 0.0207821
9950 1.46102 -0.211465 0.0208769
9960 1.49797 -0.207042 0.0219944
9970 1.48166 -0.211539 0.0214889
9980 1.49888 -0.209282 0.0222568
9990 1.51569 -0.211636 0.0224297
10000 1.49408 -0.218405 0.0213004
10010 1.5245 -0.21762 0.0221234
10020 1.53008 -0.214078 0.0230104
10030 1.49603 -0.214271 0.0227074
10040 1.50582 -0.215332 0.0226594
10050 1.4784 -0.218146 0.0217311
10060 1.48296 -0.219331 0.0217027
10070 1.50904 -0.213886 0.0227407
10080 1.51491 -0.217887 0.0223029
10090 1.50874 -0.21549 0.0225987
10100 1.53168 -0.221143 0.0221751
10110 1.51494 -0.21925 0.0221495
10120 1.52494 -0.210813 0.0232889
10130 1.50249 -0.209011 0.0230341
10140 1.5178 -0.213904 0.0224529
10150 1.49894 -0.216822 0.0215393
10160 1.49241 -0.210022 0.0222229
10170 1.51126 -0.21997 0.0214324
10180 1.52205 -0.217363 0.0222796
10190 1.54034 -0.210596 0.023562
10200 1.51582 -0.216359 0.0224979
10210 1.50587 -0.210089 0.023145
10220 1.53111 -0.213032 0.0231472
10230 1.51244 -0.217046 0.0224108
10240 1.48273 -0.21494 0.0220235
10250 1.48014 -0.217365 0.0214882
10260 1.48964 -0.211973 0.0221493
10270 1.49394 -0.217389 0.0214872
10280 1.48463 -0.215725 0.0212689
10290 1.4921 -0.214764 0.0211539
10300 1.49968 -0.206284 0.0223041
10310 1.52782 -0.211827 0.0222038
10320 1.51735 -0.211269 0.0221034
10330 1.51788 -0.212234 0.0220543
10340 1.52004 -0.212954 0.0220773
10350 1.49911 -0.205789 0.0227287
10360 1.50353 -0.208065 0.0225555
10370 1.49458 -0.210474 0.021861
10380 1.48311 -0.210092 0.0215997
10390 1.48211 -0.206382 0.0217945
10400 1.49068 -0.211026 0.0212585
10410 1.5041 -0.20886 0.0216313
10420 1.4886 -0.204215 0.0220139
10430 1.502 -0.203714 0.0223151
10440 1.49692 -0.198988 0.0230105
10450 1.51319 -0.203702 0.0228247
10460 1.50803 -0.208729 0.0221327
10470 1.48974 -0.205767 0.0221699
10480 1.49729 -0.210605 0.0215646
10490 1.51329 -0.209285 0.0218084
10500 1.51615 -0.205699 0.0222186
10510 1.51045 -0.207563 0.0218772
10520 1.51111 -0.204715 0.0222038
10530 1.51862 -0.204337 0.0222795
10540 1.5057 -0.207308 0.0217613
10550 1.46222 -0.198215 0.0222506
10560 1.47225 -0.205475 0.0215667
10570 1.49184 -0.206229 0.0216124
10580 1.50744 -0.207304 0.021616
10590 1.51765 -0.212027 0.0211225
10600 1.48971 -0.209725 0.0209865
10610 1.52217 -0.213901 0.0212696
10620 1.50774 -0.211886 0.0215268
10630 1.51519 -0.214623 0.0214618
10640 1.52513 -0.207368 0.0227109
10650 1.52472 -0.206484 0.0227672
10660 1.5004 -0.210538 0.0217543
10670 1.49754 -0.211171 0.0216793
10680 1.50797 -0.213322 0.0218426
10690 1.48918 -0.208468 0.0223548
10700 1.51549 -0.208671 0.0228591
10710 1.50957 -0.214549 0.0222072
10720 1.52684 -0.208712 0.0233283
10730 1.50301 -0.214342 0.0222778
10740 1.52261 -0.217347 0.02228
10750 1.50667 -0.216922 0.0221356
10760 1.51325 -0.218316 0.0221735
10770 1.51678 -0.219132 0.0222433
10780 1.52145 -0.216902 0.0226511
10790 1.5095 -0.219505 0.0222092
10800 1.4859 -0.218537 0.0218779
10810 1.48762 -0.221484 0.02148
10820 1.49875 -0.213645 0.0226707
10830 1.51 -0.214653 0.0227968
10840 1.52281 -0.216612 0.0226887
10850 1.52447 -0.22173 0.0219334
10860 1.51241 -0.211329 0.0227575
10870 1.48556 -0.209942 0.0222801
10880 1.47822 -0.218994 0.020911
10890 1.48965 -0.219272 0.0209965
10900 1.52024 -0.217964 0.0217648
10910 1.49862 -0.208959 0.022501
10920 1.49534 -0.214374 0.0216089
10930 1.49144 -0.206976 0.0223422
10940 1.49761 -0.210483 0.0218545
10950 1.49612 -0.211502 0.0216619
10960 1.5124 -0.208653 0.0221521
10970 1.48607 -0.209994 0.0215984
10980 1.4525 -0.206363 0.0217129
10990 1.4791 -0.210669 0.0217326
11000 1.48727 -0.211298 0.0217389
11010 1.49743 -0.207486 0.0221729
11020 1.50732 -0.214036 0.0212344
11030 1.48167 -0.206206 0.021563
11040 1.5102 -0.205487 0.021809
11050 1.49024 -0.209818 0.0211754
11060 1.4938 -0.204573 0.0221748
11070 1.48184 -0.206737 0.0218342
11080 1.49083 -0.206424 0.0219098
11090 1.48227 -0.205347 0.0219216
11100 1.47212 -0.206191 0.0216039
11110 1.49816 -0.204656 0.022356
11120 1.49785 -0.207584 0.0221359
11130 1.53425 -0.209582 0.0224567
11140 1.49932 -0.208476 0.021751
11150 1.4826 -0.208661 0.0215158
11160 1.51583 -0.209556 0.0221152
11170 1.51346 -0.209483 0.0222931
11180 1.50587 -0.209099 0.0223245
11190 1.52065 -0.209019 0.0225322
11200 1.5151 -0.207457 0.0225466
11210 1.47945 -0.20261 0.0224235
11220 1.4883 -0.207844 0.0217431
11230 1.48559 -0.20872 0.0214642
11240 1.49741 -0.209261 0.0214565
11250 1.51764 -0.210022 0.0217006
11260 1.50834 -0.209829 0.0215745
11270 1.51289 -0.206766 0.0220845
11280 1.47822 -0.20809 0.0215349
11290 1.46942 -0.212132 0.0210821
11300 1.50476 -0.21138 0.0219463
11310 1.52036 -0.205064 0.0230875
11320 1.5187 -0.208463 0.0227614
11330 1.51814 -0.210165 0.0225243
11340 1.52619 -0.211001 0.0223509
11350 1.52641 -0.207833 0.0225233
11360 1.50025 -0.212742 0.0214148
11370 1.48741 -0.205165 0.0219331
11380 1.48884 -0.210025 0.0212973
11390 1.49974 -0.209665 0.0216841
11400 1.49841 -0.204364 0.022566
11410 1.50363 -0.207705 0.0222964
11420 1.52644 -0.211718 0.0221438
11430 1.52143 -0.210562 0.0223773
11440 1.47663 -0.203849 0.0224724
11450 1.46775 -0.206783 0.0221768
11460 1.48589 -0.202774 0.0231206
11470 1.48117 -0.204671 0.022973
11480 1.50037 -0.211633 0.0224112
11490 1.51611 -0.210631 0.0225577
11500 1.51745 -0.211987 0.0222805
11510 1.4932 -0.213204 0.021569
11520 1.49177 -0.215404 0.0211746
11530 1.50824 -0.210055 0.0222632
11540 1.4921 -0.209513 0.022268
11550 1.50566 -0.211714 0.022145
11560 1.51373 -0.215366 0.0216775
11570 1.52944 -0.211005 0.0226054
11580 1.51867 -0.210504 0.0225287
11590 1.52789 -0.210108 0.0226737
11600 1.50119 -0.208848 0.0224731
11610 1.50707 -0.207066 0.0224182
11620 1.49246 -0.211447 0.0214543
11630 1.50978 -0.211084 0.0216956
11640 1.49383 -0.20952 0.0216232
11650 1.50695 -0.211289 0.0216842
11660 1.48249 -0.205366 0.0221502
11670 1.52299 -0.205967 0.0228126
11680 1.52362 -0.209753 0.022303
11690 1.51134 -0.213246 0.0217699
11700 1.51776 -0.212696 0.0220755
11710 1.50628 -0.204027 0.0229285
11720 1.46678 -0.207478 0.0218745
11730 1.50834 -0.21056 0.0221461
11740 1.47301 -0.206065 0.0222648
11750 1.51261 -0.21143 0.0223723
11760 1.53375 -0.213519 0.0225253
11770 1.53392 -0.214669 0.0224342
11780 1.48996 -0.215232 0.0216173
11790 1.50507 -0.207826 0.022623
11800 1.52435 -0.21353 0.0222311
11810 1.52532 -0.20547 0.0231969
11820 1.52422 -0.208309 0.0229283
11830 1.50464 -0.210244 0.0223883
11840 1.51233 -0.208301 0.0229094
11850 1.48848 -0.202668 0.0233037
11860 1.48402 -0.208419 0.0225041
11870 1.52364 -0.210187 0.0227938
11880 1.48265 -0.203115 0.0227494
11890 1.51147 -0.203334 0.0228955
11900 1.51196 -0.211852 0.0218309
11910 1.49762 -0.208431 0.0219096
11920 1.48121 -0.206918 0.0217721
11930 1.49005 -0.208848 0.0216284
11940 1.48529 -0.209439 0.0216176
11950 1.48045 -0.209561 0.021537
11960 1.4789 -0.20704 0.0218529
11970 1.48125 -0.205724 0.0221063
11980 1.48512 -0.208585 0.0217642
11990 1.48348 -0.210533 0.0213632
12000 1.51069 -0.210149 0.0219605
12010 1.48312 -0.207754 0.0219078
12020 1.51231 -0.203651 0.0229482
12030 1.51878 -0.209314 0.0221296
12040 1.51421 -0.204422 0.0224772
12050 1.51354 -0.207125 0.0219444
12060 1.52473 -0.202137 0.0225959
12070 1.51853 -0.204124 0.0224088
12080 1.49974 -0.207047 0.0219127
12090 1.5103 -0.200205 0.0229206
12100 1.54343 -0.205313 0.0229223
12110 1.52535 -0.208636 0.0224274
12120 1.50412 -0.209051 0.0222329
12130 1.49195 -0.20841 0.0220035
12140 1.50918 -0.210471 0.0220081
12150 1.48609 -0.20802 0.0218942
12160 1.50319 -0.208213 0.0222838
12170 1.48186 -0.20815 0.0218439
12180 1.51314 -0.210684 0.0218422
12190 1.51765 -0.209528 0.0219603
12200 1.48039 -0.212655 0.0208414
12210 1.48583 -0.207899 0.0215005
12220 1.49525 -0.205472 0.0218871
12230 1.486 -0.209084 0.0212779
12240 1.46538 -0.207865 0.0212078
12250 1.49105 -0.205867 0.0219043
12260 1.46997 -0.20823 0.0213531
12270 1.48194 -0.209993 0.0213551
12280 1.4766 -0.206738 0.021708
12290 1.487 -0.202496 0.0224517
12300 1.50624 -0.209039 0.0219264
12310 1.5091 -0.201418 0.0229016
12320 1.49369 -0.20565 0.022214
12330 1.50838 -0.204452 0.0226907
12340 1.50846 -0.206192 0.0225943
12350 1.47818 -0.213157 0.0213632
12360 1.49563 -0.212168 0.0219523
12370 1.47003 -0.210628 0.0218417
12380 1.48393 -0.21091 0.0218665
12390 1.49628 -0.211662 0.0217263
12400 1.52202 -0.211627 0.0220998
12410 1.46578 -0.207824 0.0216932
12420 1.48069 -0.209 0.021625
12430 1.50848 -0.213933 0.0212834
12440 1.52337 -0.211311 0.0216881
12450 1.49606 -0.212363 0.0210282
12460 1.48473 -0.208237 0.0215972
12470 1.5339 -0.205062 0.0229257
12480 1.52005 -0.208456 0.0222651
12490 1.49854 -0.206137 0.0221448
12500 1.50799 -0.208592 0.0218173
12510 1.50541 -0.211513 0.0212408
12520 1.49329 -0.209046 0.0212786
12530 1.48125 -0.204861 0.0215994
12540 1.53505 -0.206448 0.0223252
12550 1.50422 -0.207993 0.0219849
12560 1.5111 -0.21015 0.0218627
12570 1.52897 -0.206347 0.0226152
12580 1.53926 -0.211081 0.0221884
12590 1.49979 -0.210724 0.0215301
12600 1.47404 -0.206427 0.0216561
12610 1.47305 -0.205918 0.021618
12620 1.49332 -0.208093 0.0217507
12630 1.49742 -0.206894 0.0218477
12640 1.50304 -0.209632 0.0215223
12650 1.47861 -0.211452 0.020899
12660 1.47278 -0.207411 0.0212722
12670 1.50939 -0.209174 0.0217298
12680 1.49175 -0.210559 0.0216337
12690 1.50606 -0.210901 0.0220704
12700 1.51099 -0.213497 0.0221257
12710 1.49343 -0.209795 0.0225327
12720 1.4927 -0.211406 0.0222172
12730 1.5231 -0.209647 0.0227996
12740 1.50175 -0.211991 0.0218545
12750 1.46663 -0.212768 0.0209617
12760 1.47534 -0.205435 0.0217983
12770 1.50814 -0.203922 0.0225027
12780 1.52495 -0.207647 0.0223747
12790 1.51982 -0.210399 0.0219327
12800 1.50596 -0.209353 0.0218315
12810 1.48688 -0.20522 0.0221254
12820 1.47264 -0.21107 0.0212407
12830 1.48526 -0.213471 0.0210491
12840 1.5128 -0.207618 0.0220491
12850 1.51629 -0.211187 0.0217178
12860 1.52972 -0.212608 0.0217453
12870 1.50574 -0.209124 0.0220216
12880 1.49551 -0.209981 0.0220418
12890 1.47777 -0.215532 0.0212302
12900 1.50639 -0.214547 0.0216817
12910 1.50502 -0.206596 0.0223039
12920 1.5105 -0.209323 0.0219827
12930 1.48105 -0.210068 0.0213313
12940 1.50071 -0.210317 0.0217894
12950 1.5335 -0.208724 0.0228809
12960 1.52377 -0.208378 0.022841
12970 1.52467 -0.214624 0.0219457
12980 1.4847 -0.215162 0.0211353
12990 1.51104 -0.213598 0.0217814
13000 1.50589 -0.20915 0.0222968
13010 1.49757 -0.208121 0.0223116
13020 1.50389 -0.205263 0.0226872
13030 1.49023 -0.212692 0.0215041
13040 1.49016 -0.208044 0.0220452
13050 1.49391 -0.213789 0.0212896
13060 1.51448 -0.213018 0.0215579
13070 1.5028 -0.210302 0.0218629
13080 1.47832 -0.20974 0.0218814
13090 1.47162 -0.213865 0.0214403
13100 1.49099 -0.211343 0.0222625
13110 1.48537 -0.212178 0.0221717
13120 1.49115 -0.211549 0.0222203
13130 1.52454 -0.212047 0.0225582
13140 1.51718 -0.212903 0.0222822
13150 1.52332 -0.213256 0.0222172
13160 1.51828 -0.209551 0.0225321
13170 1.4978 -0.209246 0.0223541
13180 1.48973 -0.214646 0.0214854
13190 1.51136 -0.215817 0.0216204
13200 1.50678 -0.213841 0.0218522
13210 1.49941 -0.21073 0.0222195
13220 1.49984 -0.215066 0.0217173
13230 1.50843 -0.211858 0.0223396
13240 1.50464 -0.214927 0.0222886
13250 1.50906 -0.213191 0.0226568
13260 1.51204 -0.213665 0.0226175
13270 1.49616 -0.215839 0.0220991
13280 1.46713 -0.21057 0.0222666
13290 1.47975 -0.215977 0.0217945
13300 1.49776 -0.216435 0.0217813
13310 1.47446 -0.212396 0.0216659
13320 1.49424 -0.212662 0.021841
13330 1.50228 -0.212183 0.0220023
13340 1.51805 -0.20927 0.0226544
13350 1.49849 -0.212477 0.0220167
13360 1.51585 -0.210115 0.0225596
13370 1.50774 -0.213463 0.0222554
13380 1.50391 -0.211829 0.0223643
13390 1.52348 -0.210667 0.0227415
13400 1.51376 -0.215227 0.0220955
13410 1.50246 -0.213299 0.0222698
13420 1.4668 -0.20683 0.0227082
13430 1.47823 -0.216037 0.021801
13440 1.49239 -0.218526 0.0217218
13450 1.46626 -0.212986 0.0220902
13460 1.46092 -0.215872 0.021652
13470 1.49708 -0.21698 0.0217906
13480 1.48955 -0.215651 0.0215826
13490 1.49131 -0.211326 0.0220772
13500 1.50845 -0.212819 0.0220122
13510 1.52567 -0.210843 0.0224757
13520 1.51804 -0.211725 0.0224077
13530 1.50634 -0.214423 0.0220395
13540 1.52229 -0.21322 0.0225523
13550 1.4811 -0.210296 0.0224204
13560 1.49545 -0.216042 0.0220559
13570 1.50358 -0.217566 0.0218798
13580 1.4993 -0.213457 0.0222681
13590 1.494 -0.220845 0.0214283
13600 1.4885 -0.219539 0.0216505
13610 1.4899 -0.214012 0.022326
13620 1.48403 -0.213228 0.0222405
13630 1.4901 -0.216113 0.0219778
13640 1.50346 -0.212366 0.0226375
13650 1.48291 -0.21296 0.022003
13660 1.48674 -0.215778 0.0216845
13670 1.49675 -0.219269 0.0215294
13680 1.49515 -0.218789 0.021647
13690 1.48977 -0.216843 0.0217025
13700 1.49743 -0.217009 0.0216974
13710 1.47165 -0.220339 0.0209471
13720 1.45018 -0.218618 0.0208918
13730 1.46639 -0.221398 0.0211661
13740 1.48204 -0.219895 0.0218153
13750 1.5074 -0.219111 0.0224051
13760 1.50143 -0.217185 0.0225503
13770 1.47816 -0.213339 0.0227008
13780 1.48585 -0.217344 0.0223496
13790 1.48172 -0.215832 0.0224027
13800 1.4775 -0.223 0.0216761
13810 1.47063 -0.21877 0.0222116
13820 1.51744 -0.211792 0.0236887
13830 1.51987 -0.219412 0.0225869
13840 1.50687 -0.215644 0.0227254
13850 1.51193 -0.214699 0.0228861
13860 1.47224 -0.209794 0.0226728
13870 1.49914 -0.216257 0.0219906
13880 1.51269 -0.209537 0.0227098
13890 1.47636 -0.209122 0.0222122
13900 1.50678 -0.211528 0.022215
13910 1.50542 -0.215092 0.021739
13920 1.4926 -0.213892 0.021688
13930 1.51332 -0.21406 0.0220506
13940 1.49486 -0.210189 0.0223695
13950 1.48565 -0.217333 0.0215437
13960 1.49574 -0.212812 0.0224309
13970 1.48876 -0.213419 0.0225215
13980 1.49299 -0.213943 0.0225169
13990 1.52084 -0.214109 0.0229345
14000 1.51282 -0.218348 0.0221628
14010 1.49319 -0.220456 0.0215041
14020 1.47116 -0.215919 0.0217146
14030 1.47195 -0.219729 0.0214467
14040 1.49215 -0.213245 0.0226034
14050 1.48177 -0.211674 0.0225578
14060 1.50259 -0.214993 0.0224751
14070 1.51716 -0.21201 0.0230655
14080 1.49632 -0.218101 0.0220376
14090 1.53123 -0.213833 0.0229613
14100 1.49685 -0.215171 0.0221961
14110 1.51641 -0.216727 0.0222336
14120 1.52933 -0.211762 0.0228559
14130 1.52069 -0.217677 0.0217902
14140 1.4959 -0.217003 0.0214138
14150 1.50021 -0.216028 0.0214623
14160 1.52933 -0.217376 0.0217872
14170 1.48793 -0.210642 0.0221239
14180 1.4988 -0.211349 0.0225809
14190 1.47767 -0.216644 0.0219209
14200 1.48672 -0.217603 0.0219096
14210 1.52858 -0.217523 0.0223686
14220 1.4954 -0.216278 0.0219281
14230 1.50194 -0.212316 0.0223627
14240 1.49208 -0.219231 0.0213686
14250 1.5207 -0.224026 0.0211665
14260 1.51366 -0.218991 0.0217232
14270 1.50852 -0.217224 0.0219476
14280 1.49692 -0.218336 0.021688
14290 1.47288 -0.217983 0.0215801
14300 1.47914 -0.214519 0.0221169
14310 1.50325 -0.218118 0.022025
14320 1.49909 -0.223877 0.0212455
14330 1.50124 -0.218489 0.0220701
14340 1.50861 -0.218253 0.0225792
14350 1.5225 -0.217244 0.0230646
14360 1.50592 -0.222105 0.022242
14370 1.47333 -0.222529 0.0217786
14380 1.48028 -0.217341 0.0223966
14390 1.4758 -0.225981 0.0211775
14400 1.50109 -0.225432 0.0215271
14410 1.52088 -0.228597 0.0212666
14420 1.5185 -0.220592 0.0222284
14430 1.48788 -0.222954 0.0218471
14440 1.49083 -0.220974 0.0221479
14450 1.52813 -0.228046 0.0218756
14460 1.50154 -0.216166 0.0228867
14470 1.50767 -0.224931 0.0218131
14480 1.47123 -0.225387 0.0210261
14490 1.48748 -0.221448 0.0216356
14500 1.503 -0.221294 0.0217206
14510 1.49466 -0.215389 0.0221847
14520 1.48637 -0.215455 0.022043
14530 1.48428 -0.221282 0.0211258
14540 1.49369 -0.220361 0.0214024
14550 1.49231 -0.218128 0.0217886
14560 1.46807 -0.215474 0.0216529
14570 1.50035 -0.211946 0.0225795
14580 1.50447 -0.21272 0.022581
14590 1.52179 -0.207702 0.0232277
14600 1.53594 -0.213996 0.0224107
14610 1.52377 -0.217621 0.0215147
14620 1.51239 -0.217384 0.0211399
14630 1.49514 -0.213678 0.0213688
14640 1.49925 -0.208073 0.0222994
14650 1.51133 -0.212716 0.0220399
14660 1.48564 -0.214526 0.0215836
14670 1.49878 -0.213102 0.0219539
14680 1.48029 -0.212292 0.0214876
14690 1.4794 -0.215756 0.0212447
14700 1.48043 -0.209086 0.0221896
14710 1.50292 -0.213097 0.0220449
14720 1.49213 -0.210729 0.0220576
14730 1.4634 -0.213632 0.0213181
14740 1.50609 -0.215989 0.0217746
14750 1.50079 -0.211478 0.0223095
14760 1.51389 -0.212684 0.0222571
14770 1.52627 -0.21446 0.0221612
14780 1.48683 -0.214299 0.0214198
14790 1.53157 -0.205582 0.0230392
14800 1.49696 -0.199829 0.0230521
14810 1.48358 -0.209046 0.0215842
14820 1.49263 -0.210513 0.0214789
14830 1.49543 -0.201952 0.0224804
14840 1.49247 -0.205112 0.0221656
14850 1.48285 -0.206236 0.0219003
14860 1.53612 -0.206382 0.0225677
14870 1.50623 -0.206177 0.022026
14880 1.48508 -0.201657 0.0222537
14890 1.48192 -0.202772 0.0217578
14900 1.47804 -0.206367 0.0210616
14910 1.47892 -0.20487 0.021266
14920 1.49854 -0.207709 0.021434
14930 1.4873 -0.208396 0.021262
14940 1.49547 -0.209088 0.0214845
14950 1.50693 -0.208886 0.0216322
14960 1.51603 -0.209334 0.0218484
14970 1.503 -0.21031 0.02165
14980 1.50866 -0.21291 0.0214945
14990 1.52996 -0.209415 0.0223781
15000 1.50341 -0.203989 0.0227943
15010 1.53002 -0.209357 0.0227759
15020 1.50607 -0.207345 0.0226979
15030 1.52173 -0.213823 0.0219996
15040 1.48868 -0.215607 0.0211779
15050 1.48469 -0.210937 0.0216319
15060 1.47793 -0.209635 0.0218239
15070 1.48307 -0.205541 0.0223592
15080 1.48494 -0.206875 0.0220183
15090 1.47218 -0.213541 0.0210861
15100 1.47933 -0.213452 0.0211592
15110 1.49337 -0.209087 0.0220462
15120 1.53615 -0.212497 0.022391
15130 1.51648 -0.211662 0.0223288
15140 1.52286 -0.210189 0.0228451
15150 1.50829 -0.213934 0.0222049
15160 1.51169 -0.213768 0.0222053
15170 1.54252 -0.211243 0.0229544
15180 1.48165 -0.211011 0.0220089
15190 1.49285 -0.212279 0.0218189
15200 1.48411 -0.212959 0.0213405
15210 1.49836 -0.210311 0.0218748
15220 1.48651 -0.2063 0.0223096
15230 1.49296 -0.213693 0.0215341
15240 1.52015 -0.21479 0.0216169
15250 1.48144 -0.209223 0.0216757
15260 1.49122 -0.209972 0.0217208
15270 1.48093 -0.213513 0.0210105
15280 1.52859 -0.214477 0.0216529
15290 1.53409 -0.211598 0.0221124
15300 1.50383 -0.207277 0.0220956
15310 1.49846 -0.207033 0.0220845
15320 1.50037 -0.207724 0.0221449
15330 1.50296 -0.209715 0.0220881
15340 1.50898 -0.207284 0.0226029
15350 1.5047 -0.210712 0.0222223
15360 1.50083 -0.205021 0.0227377
15370 1.49502 -0.207685 0.0224112
15380 1.47311 -0.211746 0.0217039
15390 1.4995 -0.212003 0.022163
15400 1.48639 -0.207222 0.0225619
15410 1.52611 -0.211735 0.0225705
15420 1.49117 -0.208572 0.0222034
15430 1.48668 -0.214637 0.0213393
15440 1.4986 -0.213174 0.0218329
15450 1.48772 -0.213182 0.0217506
15460 1.5043 -0.209395 0.022641
15470 1.51955 -0.21049 0.0228798
15480 1.55033 -0.207898 0.0237245
15490 1.51023 -0.209179 0.0228399
15500 1.49448 -0.205083 0.0227967
15510 1.4657 -0.211398 0.0213468
15520 1.50917 -0.209239 0.0220848
15530 1.4852 -0.215225 0.0210664
15540 1.49517 -0.210938 0.021767
15550 1.4985 -0.209212 0.0223751
15560 1.5016 -0.210533 0.0226133
15570 1.50429 -0.212173 0.0225066
15580 1.47738 -0.213779 0.021763
15590 1.46982 -0.215875 0.0213997
15600 1.48275 -0.214905 0.0218004
15610 1.52211 -0.213861 0.0225129
15620 1.51196 -0.214988 0.0223234
15630 1.50448 -0.216906 0.0221314
15640 1.49181 -0.216028 0.0221293
15650 1.4858 -0.219394 0.0216599
15660 1.48809 -0.217536 0.0218638
15670 1.50832 -0.216914 0.0219595
15680 1.49451 -0.217683 0.0215941
15690 1.51277 -0.217506 0.0218102
15700 1.53482 -0.212344 0.0226462
15710 1.49805 -0.210665 0.022256
15720 1.50401 -0.204814 0.0230282
15730 1.48762 -0.211665 0.0218993
15740 1.51234 -0.212393 0.0221248
15750 1.50794 -0.205758 0.0228904
15760 1.47849 -0.206287 0.0222732
15770 1.49971 -0.209049 0.0221789
15780 1.45784 -0.206158 0.0217006
15790 1.49887 -0.206615 0.0221651
15800 1.49301 -0.208588 0.0218765
15810 1.49944 -0.207408 0.0222689
15820 1.50756 -0.209486 0.0222992
15830 1.48603 -0.210324 0.0220107
15840 1.4734 -0.207821 0.0222922
15850 1.47538 -0.213044 0.0218546
15860 1.48693 -0.21543 0.021787
15870 1.50402 -0.215163 0.0221588
15880 1.51759 -0.207094 0.0231531
15890 1.50379 -0.211784 0.0221042
15900 1.49908 -0.212261 0.0218142
15910 1.49991 -0.211701 0.0219655
15920 1.49896 -0.207454 0.0225664
15930 1.50806 -0.212566 0.0220855
15940 1.47871 -0.212827 0.0215246
15950 1.48299 -0.210269 0.0218679
15960 1.49731 -0.210367 0.0221004
15970 1.52477 -0.210163 0.0225491
15980 1.49944 -0.212783 0.0217688
15990 1.4951 -0.211077 0.0218358
16000 1.50507 -0.212199 0.0217749
16010 1.49623 -0.215705 0.02119
16020 1.49152 -0.213071 0.0215281
16030 1.48726 -0.213689 0.0215968
16040 1.49532 -0.210248 0.0223458
16050 1.49694 -0.216084 0.0218133
16060 1.51375 -0.214911 0.0222127
16070 1.48518 -0.216526 0.0214568
16080 1.50329 -0.218646 0.0214782
16090 1.54346 -0.215192 0.0226653
16100 1.50916 -0.213609 0.0224163
16110 1.51184 -0.214881 0.0223536
16120 1.52248 -0.215783 0.0222875
16130 1.52898 -0.217525 0.0221711
16140 1.50874 -0.218276 0.0217344
16150 1.49543 -0.219376 0.0215589
16160 1.50429 -0.213157 0.0226106
16170 1.49664 -0.218248 0.0217793
16180 1.50536 -0.22022 0.021643
16190 1.50183 -0.216313 0.0222074
16200 1.48931 -0.216256 0.0222498
16210 1.48641 -0.217779 0.0221843
16220 1.50516 -0.216206 0.0226575
16230 1.48932 -0.215574 0.022514
16240 1.51983 -0.217676 0.0226303
16250 1.51981 -0.220473 0.0220619
16260 1.51804 -0.218714 0.0223605
16270 1.51617 -0.218428 0.0223596
16280 1.49724 -0.217525 0.0221681
16290 1.48413 -0.217378 0.0220217
16300 1.49549 -0.21658 0.0222691
16310 1.50413 -0.216221 0.0223655
16320 1.51197 -0.217028 0.0222384
16330 1.51937 -0.218559 0.0221419
16340 1.50906 -0.218644 0.0218487
16350 1.52217 -0.218338 0.0220092
16360 1.49933 -0.218919 0.0218153
16370 1.52975 -0.21639 0.0228036
16380 1.5201 -0.222762 0.022016
16390 1.49576 -0.221487 0.0219964
16400 1.5251 -0.2239 0.0221501
16410 1.50928 -0.222106 0.0222677
16420 1.48524 -0.216312 0.0228661
16430 1.49562 -0.219644 0.0226281
16440 1.50819 -0.224058 0.0220763
16450 1.49946 -0.222344 0.0222626
16460 1.50866 -0.22251 0.0223578
16470 1.51655 -0.223862 0.0221758
16480 1.49662 -0.223617 0.0217142
16490 1.49454 -0.227141 0.0211579
16500 1.49477 -0.221551 0.0215919
16510 1.49486 -0.226111 0.0211009
16520 1.49759 -0.221011 0.0219854
16530 1.49037 -0.218186 0.0223585
16540 1.52092 -0.221418 0.0222849
16550 1.52975 -0.222333 0.022383
16560 1.50993 -0.219459 0.0225746
16570 1.49631 -0.216687 0.0227278
16580 1.50108 -0.219198 0.022153
16590 1.5089 -0.217881 0.0219216
16600 1.48936 -0.21591 0.0215544
16610 1.47934 -0.219354 0.0209692
16620 1.51705 -0.216595 0.0220403
16630 1.49712 -0.213288 0.0224566
16640 1.50381 -0.218763 0.022077
16650 1.49814 -0.215662 0.0222036
16660 1.50133 -0.218915 0.0217788
16670 1.49781 -0.220268 0.0215044
16680 1.5106 -0.218319 0.0219576
16690 1.53295 -0.218666 0.0221704
16700 1.47528 -0.21677 0.0215392
16710 1.47319 -0.213332 0.0219014
16720 1.50145 -0.217326 0.0218775
16730 1.50932 -0.217014 0.0222714
16740 1.47129 -0.219202 0.0214862
16750 1.47492 -0.212391 0.0222571
16760 1.49349 -0.219777 0.0218179
16770 1.4799 -0.218332 0.0219542
16780 1.47487 -0.222204 0.0215574
16790 1.48489 -0.217894 0.0223558
16800 1.48964 -0.222681 0.0218807
16810 1.5134 -0.219747 0.022421
16820 1.50311 -0.216732 0.0224861
16830 1.49736 -0.22193 0.0218003
16840 1.50797 -0.22318 0.0220342
16850 1.4978 -0.224162 0.0219421
16860 1.48826 -0.218166 0.0224491
16870 1.48492 -0.225312 0.0214836
16880 1.5055 -0.227449 0.0214973
16890 1.47042 -0.227276 0.0209571
16900 1.45591 -0.223045 0.02143
16910 1.50427 -0.220565 0.0226961
16920 1.49167 -0.222894 0.0221547
16930 1.50746 -0.220396 0.022554
16940 1.51196 -0.219842 0.0227062
16950 1.49509 -0.221155 0.0222708
16960 1.49595 -0.218405 0.0226871
16970 1.49691 -0.222962 0.0222455
16980 1.50325 -0.220665 0.0224917
16990 1.46457 -0.220034 0.0218475
17000 1.48858 -0.222775 0.021806
17010 1.46525 -0.220161 0.0215363
17020 1.4868 -0.221289 0.0217735
17030 1.49742 -0.218106 0.0224
17040 1.51255 -0.215354 0.0232213
17050 1.50034 -0.223693 0.0221797
17060 1.52683 -0.220954 0.0228529
17070 1.51026 -0.225093 0.0221766
17080 1.51067 -0.228095 0.0218507
17090 1.51369 -0.225948 0.0221771
17100 1.52303 -0.224538 0.02255
17110 1.49366 -0.225081 0.0220203
17120 1.49424 -0.222424 0.0223658
17130 1.49546 -0.224659 0.0220058
17140 1.47435 -0.222393 0.0217698
17150 1.47624 -0.225145 0.0213603
17160 1.5084 -0.226843 0.0218185
17170 1.52318 -0.218264 0.023405
17180 1.49672 -0.221382 0.022838
17190 1.51888 -0.220526 0.0231
17200 1.51183 -0.227823 0.0218278
17210 1.49732 -0.221094 0.0223076
17220 1.52189 -0.226498 0.0219767
17230 1.52929 -0.223298 0.0224092
17240 1.4853 -0.222879 0.0218474
17250 1.48551 -0.21869 0.0224529
17260 1.50424 -0.223392 0.0221235
17270 1.50917 -0.227551 0.0218814
17280 1.50389 -0.229422 0.0216578
17290 1.49367 -0.22947 0.0217945
17300 1.50975 -0.221897 0.0231032
17310 1.50993 -0.225576 0.0229026
17320 1.50922 -0.225533 0.0227712
17330 1.50431 -0.228003 0.0224793
17340 1.51563 -0.225633 0.0228465
17350 1.5047 -0.23064 0.0218458
17360 1.47219 -0.227931 0.0213967
17370 1.47096 -0.233322 0.020623
17380 1.49858 -0.222269 0.0223521
17390 1.51164 -0.224997 0.0223451
17400 1.52048 -0.228376 0.0220434
17410 1.50425 -0.226992 0.0217864
17420 1.50753 -0.224515 0.0221846
17430 1.49831 -0.222971 0.0223592
17440 1.52299 -0.224429 0.0226053
17450 1.49193 -0.219376 0.0227556
17460 1.48638 -0.224117 0.0219955
17470 1.47228 -0.218221 0.0222373
17480 1.50728 -0.221446 0.0220501
17490 1.47922 -0.22518 0.0210156
17500 1.49591 -0.223943 0.0215653
17510 1.4942 -0.222588 0.0218891
17520 1.47764 -0.2249 0.0213278
17530 1.48608 -0.229603 0.0208358
17540 1.47537 -0.222867 0.0217316
17550 1.50323 -0.225477 0.0222207
17560 1.53086 -0.224653 0.0228807
17570 1.48404 -0.225234 0.0220635
17580 1.50393 -0.221738 0.0227387
17590 1.50048 -0.219305 0.0226982
17600 1.52088 -0.223984 0.0222483
17610 1.48767 -0.222846 0.0218236
17620 1.47103 -0.221979 0.0216401
17630 1.50861 -0.224122 0.0218704
17640 1.50407 -0.22408 0.0217883
17650 1.50581 -0.218829 0.0223509
17660 1.5224 -0.221012 0.0224007
17670 1.53582 -0.226001 0.0219788
17680 1.52228 -0.222135 0.0222315
17690 1.53335 -0.222242 0.0224198
17700 1.50821 -0.218377 0.0223813
17710 1.51409 -0.220091 0.022175
17720 1.49437 -0.223255 0.021379
17730 1.51784 -0.218821 0.0221889
17740 1.50698 -0.221073 0.0219125
17750 1.50862 -0.218362 0.0222522
17760 1.49259 -0.220456 0.0217095
17770 1.48183 -0.217258 0.0218692
17780 1.50747 -0.214836 0.0223871
17790 1.50186 -0.21508 0.0220486
17800 1.53258 -0.21874 0.0220636
17810 1.4935 -0.219139 0.0213542
17820 1.4662 -0.209063 0.022113
17830 1.4809 -0.214783 0.0216945
17840 1.50223 -0.217996 0.0217831
17850 1.51236 -0.216358 0.022289
17860 1.49643 -0.219849 0.0216862
17870 1.50575 -0.21959 0.0218158
17880 1.53232 -0.217317 0.0224592
17890 1.52889 -0.216 0.0225977
17900 1.50606 -0.219458 0.0220416
17910 1.49188 -0.214932 0.0223184
17920 1.49579 -0.216764 0.0221175
17930 1.51558 -0.220686 0.0218633
17940 1.48748 -0.213762 0.0223828
17950 1.50693 -0.2133 0.0227618
17960 1.52891 -0.217701 0.0224112
17970 1.52914 -0.218748 0.0222097
17980 1.4821 -0.21331 0.0220411
17990 1.51339 -0.214808 0.022347
18000 1.50835 -0.206649 0.0231623
18010 1.49491 -0.211869 0.0223806
18020 1.51033 -0.215304 0.0221762
18030 1.4995 -0.217016 0.021795
18040 1.51233 -0.217606 0.0220191
18050 1.50595 -0.21041 0.0229371
18060 1.4932 -0.21322 0.0225509
18070 1.47704 -0.215001 0.0221916
18080 1.5152 -0.213929 0.0226918
18090 1.47934 -0.215985 0.0218519
18100 1.52547 -0.216547 0.0225925
18110 1.50107 -0.221988 0.0214979
18120 1.49968 -0.219188 0.0217629
18130 1.48707 -0.211985 0.0223511
18140 1.47958 -0.214171 0.0219932
18150 1.49779 -0.212622 0.0223516
18160 1.51731 -0.215565 0.0223714
18170 1.50776 -0.212007 0.0227643
18180 1.50827 -0.205421 0.0236482
18190 1.47009 -0.209434 0.0224041
18200 1.49368 -0.215743 0.021754
18210 1.49549 -0.213662 0.0218112
18220 1.49234 -0.211427 0.0219951
18230 1.50548 -0.214245 0.0217592
18240 1.50678 -0.213948 0.02168
18250 1.5102 -0.211986 0.021873
18260 1.47241 -0.215158 0.0207685
18270 1.49423 -0.215397 0.0211032
18280 1.50306 -0.218411 0.0209601
18290 1.49562 -0.216657 0.0210418
18300 1.4971 -0.213119 0.0215473
18310 1.50206 -0.21017 0.022076
18320 1.50411 -0.210274 0.0220984
18330 1.51961 -0.210258 0.0223151
18340 1.51368 -0.210828 0.0222644
18350 1.52574 -0.213593 0.0222879
18360 1.52202 -0.21208 0.0225562
18370 1.51588 -0.214434 0.0223924
18380 1.50783 -0.211395 0.0226185
18390 1.54477 -0.215539 0.0226502
18400 1.50543 -0.208171 0.0228508
18410 1.48567 -0.216549 0.0215293
18420 1.48057 -0.215378 0.0214464
18430 1.49403 -0.212 0.0219953
18440 1.48087 -0.216741 0.0212952
18450 1.49184 -0.219506 0.0212883
18460 1.49026 -0.219013 0.0217388
18470 1.47712 -0.219013 0.0216755
18480 1.49163 -0.219629 0.021891
18490 1.46587 -0.221403 0.0215719
18500 1.48507 -0.219851 0.0223832
18510 1.48331 -0.218888 0.0225114
18520 1.50664 -0.222399 0.0224382
18530 1.50825 -0.221957 0.0224417
18540 1.50119 -0.21821 0.0227214
18550 1.48856 -0.222751 0.021725
18560 1.49705 -0.222905 0.0216971
18570 1.48533 -0.220432 0.0219391
18580 1.4645 -0.221282 0.0215755
18590 1.49914 -0.224157 0.0217862
18600 1.51604 -0.224185 0.0220968
18610 1.49522 -0.21635 0.0226847
18620 1.50621 -0.216963 0.0227275
18630 1.50136 -0.221034 0.0221759
18640 1.49003 -0.217479 0.0224643
18650 1.46387 -0.219667 0.0215764
18660 1.50867 -0.222475 0.0217723
18670 1.49187 -0.219875 0.0217727
18680 1.50451 -0.219808 0.0221357
18690 1.5175 -0.219349 0.0223237
18700 1.52191 -0.220088 0.0222595
18710 1.48824 -0.218335 0.0218
18720 1.51005 -0.215655 0.022333
18730 1.50099 -0.214581 0.0223291
18740 1.48561 -0.216723 0.0217332
18750 1.51806 -0.214334 0.0223924
18760 1.53052 -0.218809 0.022237
18770 1.51228 -0.212954 0.0227179
18780 1.50569 -0.213138 0.0225721
18790 1.52248 -0.215443 0.0227516
18800 1.52527 -0.21549 0.0229028
18810 1.52733 -0.215946 0.0228766
18820 1.51322 -0.216705 0.0224377
18830 1.49015 -0.217745 0.0217574
18840 1.49609 -0.219298 0.0215307
18850 1.50376 -0.217521 0.0218588
18860 1.50653 -0.214666 0.0221635
18870 1.51283 -0.217819 0.0217711
18880 1.55188 -0.216158 0.0225884
18890 1.51567 -0.215714 0.0217951
18900 1.49363 -0.214948 0.0214474
18910 1.52541 -0.217039 0.0216219
18920 1.50352 -0.208349 0.0222542
18930 1.53004 -0.210753 0.0223769
18940 1.50236 -0.20704 0.022384
18950 1.52052 -0.211048 0.0223736
18960 1.52813 -0.21212 0.0223463
18970 1.50375 -0.215967 0.0215922
18980 1.53115 -0.217776 0.0220136
18990 1.49406 -0.212856 0.0221829
19000 1.51331 -0.210119 0.0228845
19010 1.49164 -0.214601 0.0221188
19020 1.48153 -0.218638 0.0215153
19030 1.4925 -0.219288 0.021537
19040 1.53704 -0.215294 0.0226532
19050 1.52819 -0.219746 0.0220837
19060 1.50137 -0.21737 0.0217962
19070 1.50701 -0.214661 0.021964
19080 1.52351 -0.215759 0.0218693
19090 1.47974 -0.217256 0.0211614
19100 1.52093 -0.215632 0.0222132
19110 1.51115 -0.214079 0.0221479
19120 1.5007 -0.217479 0.0214029
19130 1.48373 -0.211806 0.0217966
19140 1.49921 -0.212942 0.0218578
19150 1.50186 -0.213609 0.0216091
19160 1.49034 -0.218198 0.0210177
19170 1.517 -0.218523 0.0214813
19180 1.51694 -0.2208 0.0212159
19190 1.48968 -0.217907 0.0214087
19200 1.48646 -0.210642 0.0225374
19210 1.47301 -0.218163 0.0216201
19220 1.50217 -0.214868 0.0224592
19230 1.49728 -0.218462 0.0218601
19240 1.50007 -0.213662 0.0223393
19250 1.51183 -0.221431 0.021656
19260 1.5021 -0.216614 0.0223379
19270 1.50975 -0.218907 0.0222483
19280 1.49359 -0.216831 0.0223367
19290 1.50636 -0.212959 0.022932
19300 1.52992 -0.215042 0.0227999
19310 1.51232 -0.215077 0.0225015
19320 1.4835 -0.216089 0.0221365
19330 1.5054 -0.214868 0.0224341
19340 1.50186 -0.211951 0.0225228
19350 1.51369 -0.212636 0.0222819
19360 1.48875 -0.216461 0.0211897
19370 1.48668 -0.214511 0.0214936
19380 1.48706 -0.216466 0.0213457
19390 1.51688 -0.212452 0.0222137
19400 1.49246 -0.219266 0.0210982
19410 1.4898 -0.216606 0.0212441
19420 1.47961 -0.214321 0.0212228
19430 1.49906 -0.212067 0.0218064
19440 1.52502 -0.212696 0.0220133
19450 1.51318 -0.20911 0.022296
19460 1.49739 -0.207917 0.0225328
19470 1.52158 -0.208988 0.022896
19480 1.48258 -0.213478 0.0214444
19490 1.47988 -0.215723 0.0208638
19500 1.47035 -0.211043 0.0210472
19510 1.47761 -0.213699 0.0210267
19520 1.52903 -0.212052 0.022403
19530 1.4934 -0.210275 0.0222063
19540 1.49177 -0.209536 0.0224217
19550 1.48364 -0.211161 0.0222911
19560 1.52149 -0.216528 0.0221327
19570 1.50684 -0.219109 0.0214416
19580 1.49651 -0.209536 0.0223206
19590 1.50556 -0.21252 0.0222255
19600 1.5163 -0.206703 0.0230857
19610 1.50715 -0.206409 0.0227232
19620 1.48676 -0.211404 0.0213476
19630 1.52393 -0.209996 0.0218219
19640 1.49869 -0.205829 0.0219961
19650 1.49576 -0.207923 0.0219261
19660 1.45343 -0.207477 0.0211229
19670 1.47247 -0.205236 0.0216106
19680 1.49514 -0.208274 0.0216351
19690 1.518 -0.205725 0.0223449
19700 1.50367 -0.203381 0.0223887
19710 1.50722 -0.207855 0.0217444
19720 1.48685 -0.205426 0.0214639
19730 1.48208 -0.201849 0.02174
19740 1.49437 -0.205494 0.0215918
19750 1.49357 -0.210848 0.0211435
19760 1.50488 -0.210362 0.0214315
19770 1.51567 -0.211526 0.0214102
19780 1.49207 -0.209516 0.0213413
19790 1.49224 -0.209333 0.0214996
19800 1.50075 -0.204302 0.0223372
19810 1.5239 -0.205093 0.0225997
19820 1.52228 -0.208787 0.0221176
19830 1.5053 -0.20817 0.0220026
19840 1.50345 -0.207952 0.0221022
19850 1.49209 -0.21313 0.021335
19860 1.51992 -0.210256 0.0220517
19870 1.50965 -0.208771 0.0220325
19880 1.49904 -0.211025 0.0216017
19890 1.45981 -0.213282 0.0207046
19900 1.49291 -0.214541 0.0210362
19910 1.51548 -0.212409 0.0214242
19920 1.4865 -0.213951 0.0208265
19930 1.48716 -0.208451 0.021728
19940 1.49935 -0.215586 0.0210951
19950 1.46998 -0.212134 0.0208779
19960 1.50738 -0.2104 0.0215593
19970 1.4876 -0.212118 0.021032
19980 1.48342 -0.213676 0.0209826
19990 1.45802 -0.211251 0.0210455
20000 1.48549 -0.212382 0.0216066
20010 1.51177 -0.210564 0.0224198
20020 1.50438 -0.210539 0.0226758
20030 1.51666 -0.209737 0.0231756
20040 1.48613 -0.218488 0.0214592
20050 1.50794 -0.216382 0.0218603
20060 1.51702 -0.219616 0.0217652
20070 1.51588 -0.216308 0.0223107
20080 1.50378 -0.216619 0.0220679
20090 1.49263 -0.217945 0.0215215
20100 1.50198 -0.214836 0.0219708
